336
695
134
825
93
422
682
143
668
944
984
575
151
304
443
901
924
65
625
279
448
391
588
28
10
860
951
749
702
777
143
254
840
789
545
764
374
399
930
214
335
649
30
228
390
260
824
91
988
972
91
807
394
517
812
343
501
133
237
999
612
146
917
377
841
958
1
47
86
788
23
243
544
784
967
936
906
220
898
150
61
745
897
294
447
126
621
771
848
412
921
499
278
676
29
597
378
595
264
722
450
155
755
297
96
270
656
262
542
610
469
217
628
422
801
344
363
249
303
848
674
941
289
62
629
733
851
583
616
55
762
562
959
830
812
283
791
502
188
364
945
507
632
598
889
320
915
957
791
979
468
469
905
684
24
661
123
729
832
723
922
693
245
316
375
841
662
697
474
753
578
795
379
792
810
107
895
487
589
3
250
43
494
233
494
310
307
639
141
240
239
526
670
902
116
167
117
848
871
954
219
202
481
534
723
64
17
431
97
708
246
194
536
602
747
898
665
106
345
736
773
838
445
995
911
16
451
491
902
487
548
336
769
192
403
565
243
602
833
670
526
400
426
571
665
731
461
985
598
325
418
259
512
80
301
645
756
377
657
272
663
74
51
376
895
25
504
430
311
1
707
809
537
472
695
365
987
264
951
579
801
419
374
857
210
979
661
140
966
513
98
423
187
660
888
268
840
566
260
767
135
248
959
29
499
257
303
791
383
539
987
629
128
948
845
84
251
319
577
336
528
586
103
595
163
904
477
550
572
291
223
688
95
562
422
237
797
296
306
105
190
889
443
724
623
161
764
118
436
691
444
264
768
43
545
604
50
700
630
262
751
230
259
167
35
955
370
675
484
31
237
815
178
824
734
898
783
375
316
528
19
796
278
785
673
348
57
824
72
297
647
200
756
888
175
139
762
465
621
19
400
648
397
97
953
349
114
247
566
785
468
181
838
391
286
292
469
393
930
932
992
605
487
109
796
132
668
340
710
994
904
762
21
866
638
365
793
768
409
296
872
506
171
524
324
606
696
299
130
508
832
56
814
424
155
153
392
542
608
677
403
702
872
329
322
843
787
100
992
372
616
37
166
987
375
155
449
949
450
540
954
15
75
538
473
750
333
776
643
687
720
399
281
507
561
664
50
695
148
541
974
17
691
434
394
975
127
866
218
988
227
208
597
713
776
245
846
666
841
175
181
545
25
637
368
728
607
426
472
740
311
147
80
311
673
255
532
91
122
61
722
454
429
348
318
392
867
216
68
204
95
973
745
731
262
940
944
416
939
497
98
412
247
867
992
214
66
930
279
693
555
433
314
380
590
803
510
493
688
124
28
376
745
857
715
46
765
463
450
718
977
11
416
411
130
349
143
877
91
432
960
22
909
596
722
833
558
126
427
216
846
650
11
686
2
809
726
504
493
934
520
259
526
199
778
177
269
268
130
126
736
610
425
766
975
518
401
611
18
713
310
282
120
761
706
66
89
358
277
35
913
34
852
262
770
171
247
988
720
448
748
176
52
847
263
134
377
671
225
14
631
498
473
302
95
938
40
545
739
11
242
206
420
311
20
237
333
485
360
227
791
156
58
75
604
862
100
124
177
588
191
509
376
889
768
138
29
218
438
14
680
10
786
757
95
115
128
576
583
358
509
232
808
526
153
851
966
361
148
447
979
237
407
872
696
946
502
729
267
224
902
833
994
53
671
733
566
607
61
459
364
745
839
606
497
628
51
937
101
548
111
803
305
790
831
791
585
327
691
248
673
338
309
204
539
916
231
493
778
178
465
276
501
739
336
6
994
382
318
857
481
483
243
543
880
721
376
543
660
391
942
737
32
909
302
603
275
522
809
75
863
563
201
917
546
331
747
721
848
72
970
244
664
992
908
103
963
166
139
521
740
485
710
716
803
523
380
722
923
534
963
156
130
61
839
383
641
328
903
431
110
129
273
203
764
465
511
618
956
754
99
241
710
935
172
198
218
126
410
666
714
910
0
740
823
322
92
878
644
28
194
374
79
675
807
34
562
692
829
588
907
56
393
191
697
317
989
580
989
100
528
407
776
228
116
811
405
361
435
418
337
483
452
852
26
714
904
999
795
11
302
385
331
119
588
583
338
491
221
273
769
522
473
421
510
260
71
857
986
844
925
629
160
720
187
399
41
103
789
777
83
524
727
718
516
183
145
169
653
542
110
904
942
88
15
541
559
189
293
754
425
502
849
357
265
773
219
76
823
185
496
891
921
523
360
312
761
220
951
444
997
374
635
572
277
587
542
523
135
703
792
955
632
669
473
358
561
542
699
416
421
784
757
358
321
593
941
28
948
707
871
592
986
506
269
673
36
162
611
594
301
822
363
609
805
51
384
866
991
240
743
864
194
356
395
852
557
639
470
454
378
414
658
288
238
963
662
111
361
779
866
961
831
771
202
186
181
230
204
241
135
554
102
882
599
169
999
800
952
869
170
381
23
832
97
544
181
597
350
350
39
169
371
297
680
354
301
198
931
358
505
31
301
109
440
657
347
405
733
403
525
584
233
127
164
169
883
936
699
914
547
933
369
164
78
94
525
952
280
481
127
662
846
442
844
165
729
675
293
666
964
121
515
957
643
577
864
530
20
620
662
114
9
969
3
476
586
628
862
188
769
81
366
877
801
806
463
21
450
13
818
707
28
638
256
658
186
745
631
917
500
21
678
811
821
365
826
71
213
197
170
763
244
834
582
767
353
110
209
933
761
377
104
190
252
218
81
436
810
171
694
965
691
935
352
253
640
960
180
302
63
788
785
393
684
314
822
324
156
659
199
998
856
228
910
364
344
106
685
331
831
560
38
451
717
151
892
41
363
555
931
99
863
782
184
966
211
658
993
561
17
172
909
767
471
18
567
538
570
112
884
46
663
781
216
57
512
558
592
789
467
9
312
280
917
248
937
55
748
933
633
298
18
323
371
951
538
340
517
155
574
472
832
359
647
543
299
971
460
477
371
665
723
546
287
849
911
448
132
915
714
400
637
974
905
553
674
273
459
351
528
30
566
925
345
328
949
264
877
94
661
662
969
716
617
474
538
203
399
294
819
707
506
404
301
972
651
662
661
394
822
548
998
10
712
146
932
750
789
22
180
408
474
571
406
609
257
223
857
653
183
807
694
705
566
582
101
875
27
235
129
974
785
42
628
336
2
186
461
72
272
58
777
292
368
191
220
952
315
982
925
678
860
413
972
142
949
632
368
33
544
733
930
752
588
957
494
563
130
904
341
904
296
161
664
176
157
470
846
324
738
638
920
81
577
115
213
935
155
206
450
291
107
903
648
556
757
382
708
793
577
232
185
307
442
63
640
94
808
191
342
557
54
167
207
665
255
15
769
779
325
265
294
32
349
632
833
759
406
391
947
699
429
173
724
160
347
675
399
992
84
10
670
782
39
476
635
4
443
803
153
681
967
256
787
685
335
831
685
555
137
863
846
226
976
60
602
327
559
114
755
293
273
777
676
84
475
211
602
44
821
463
407
356
335
601
932
485
533
155
518
511
118
106
242
11
214
233
511
648
626
188
37
736
787
456
453
915
21
416
717
847
734
259
616
615
418
379
857
369
655
893
165
454
529
129
646
324
784
877
690
68
417
96
817
919
495
75
209
587
916
416
204
103
366
629
525
391
418
888
682
683
957
707
235
620
782
604
226
820
352
684
120
316
771
618
554
118
179
790
242
813
244
943
891
158
372
120
953
103
33
906
167
2
78
674
569
326
662
300
418
583
749
436
837
785
816
727
789
941
765
587
280
730
228
105
260
89
814
671
151
221
74
290
32
193
514
555
181
462
117
223
194
717
157
466
941
562
72
810
339
256
838
960
761
712
585
12
20
855
430
159
823
246
946
75
649
870
785
471
816
557
333
820
665
362
381
885
245
580
402
734
925
662
634
690
463
371
320
505
592
369
633
813
789
519
608
718
296
597
902
181
627
929
445
7
603
176
525
528
491
379
916
392
480
221
61
338
293
560
386
319
265
540
855
686
194
870
573
437
133
905
529
55
409
260
85
809
103
879
343
93
888
890
905
589
460
858
481
985
733
572
557
842
343
305
178
588
295
543
107
475
204
965
789
588
576
214
293
504
591
434
228
247
715
668
602
312
242
266
89
979
188
557
488
433
641
107
217
202
339
631
680
267
846
858
566
85
251
447
873
147
668
318
43
840
638
455
494
859
575
115
165
716
440
557
55
837
243
818
62
373
22
798
553
987
14
25
667
326
482
677
235
859
361
595
146
514
74
578
103
190
671
984
365
700
523
286
185
237
225
458
171
140
465
773
748
46
441
48
112
33
959
793
703
516
912
677
873
778
804
170
918
275
319
130
370
192
839
555
831
914
274
579
726
240
9
550
724
766
878
792
432
380
594
905
411
534
625
958
948
533
2
152
78
150
224
45
513
565
846
121
152
400
738
461
545
624
507
778
471
32
33
221
712
223
781
372
224
346
118
749
41
952
540
467
703
972
390
465
546
361
674
26
380
701
520
456
837
553
196
3
972
340
191
341
155
329
351
574
580
698
865
787
767
631
25
754
483
810
973
411
680
972
213
204
510
314
5
568
887
972
345
712
95
536
588
131
692
566
84
948
220
903
14
715
198
889
373
421
522
545
349
304
944
956
96
728
440
829
153
761
598
560
501
576
322
541
651
62
686
791
551
50
652
735
805
568
718
177
538
335
458
505
337
477
138
481
498
982
853
177
30
953
86
451
323
195
199
963
921
798
717
316
298
653
45
469
360
389
896
808
956
99
4
22
100
414
395
774
7
220
247
408
90
770
21
987
317
291
942
200
75
923
334
312
3
766
105
508
41
426
7
407
909
955
81
668
230
691
183
224
41
374
798
187
446
409
33
75
876
459
70
361
522
870
316
747
437
845
123
806
492
260
849
624
225
393
75
282
413
663
925
534
598
675
970
376
539
341
609
417
610
649
593
141
811
52
153
478
873
430
925
113
408
63
929
908
130
457
920
590
592
17
943
536
892
236
236
128
734
704
862
585
554
918
874
555
984
343
874
254
23
253
462
26
12
402
422
607
467
861
861
566
523
817
61
834
825
809
33
777
13
949
686
602
341
837
286
23
936
387
716
726
900
95
453
945
948
307
66
127
547
337
974
194
827
599
411
325
384
116
105
565
650
456
726
424
344
275
53
406
168
729
632
578
746
184
53
122
827
266
979
84
886
569
968
472
759
829
429
112
63
276
189
511
459
574
362
924
194
941
521
51
152
978
944
343
295
744
793
199
584
35
657
962
194
217
491
431
746
889
714
189
853
344
743
434
642
487
329
690
684
730
625
394
934
269
706
736
561
644
229
611
35
654
664
756
874
275
355
941
985
491
85
243
36
705
797
409
729
446
772
407
492
7
751
699
41
383
444
421
343
145
937
740
99
114
461
612
475
771
309
522
500
796
193
940
612
61
479
613
896
500
445
898
907
915
531
922
750
440
168
157
8
804
70
312
608
757
466
664
715
931
507
856
957
524
692
801
494
70
385
26
983
377
278
935
443
634
235
109
804
760
375
701
20
151
653
830
362
549
950
419
801
480
824
532
286
816
299
200
592
681
372
801
191
659
334
371
86
932
509
371
432
813
900
999
982
126
465
464
152
453
542
233
321
262
860
356
34
596
839
384
834
967
982
959
664
27
975
159
729
588
875
148
847
225
761
642
339
900
181
767
464
528
404
696
2
133
356
248
382
286
764
382
643
227
695
14
890
855
626
875
292
264
243
296
617
98
519
989
231
420
844
306
377
161
207
492
827
720
886
887
746
382
469
549
980
361
105
77
489
907
538
157
626
515
747
332
234
779
809
127
885
171
371
825
491
715
381
209
747
350
441
800
161
514
617
269
486
644
627
485
135
419
657
627
652
203
366
849
443
728
272
101
635
5
913
500
681
60
557
364
652
982
442
344
225
25
581
778
80
745
996
373
873
830
45
778
653
522
278
263
806
231
231
976
724
167
107
255
656
834
629
771
526
84
690
199
472
469
213
209
7
724
972
941
829
379
852
53
456
499
357
707
320
428
365
670
690
275
171
724
23
572
707
952
417
990
411
430
565
953
968
253
91
838
407
159
43
953
584
18
103
829
68
112
40
542
79
895
561
370
518
986
444
211
250
862
411
923
498
287
839
800
890
625
653
722
544
874
942
399
148
909
53
151
52
867
47
331
306
32
393
204
501
382
563
755
357
647
989
117
523
247
41
495
170
695
961
407
392
673
949
363
223
506
157
470
998
416
416
849
32
739
356
188
693
620
108
27
207
153
21
511
231
610
246
55
739
911
413
385
288
510
425
115
232
859
116
200
621
113
827
169
274
520
509
708
828
827
683
114
346
395
144
275
463
448
345
148
593
155
293
42
696
294
760
954
326
434
436
952
800
71
515
221
950
469
625
420
324
409
154
250
558
625
380
832
619
763
936
28
254
63
516
976
143
770
598
666
413
743
463
943
386
744
304
355
912
708
399
802
669
585
647
1
542
324
157
305
191
219
615
767
962
541
775
484
910
47
321
828
106
499
35
597
501
46
5
603
342
216
190
233
268
410
254
235
647
951
0
978
150
364
318
629
708
168
930
187
961
489
295
113
667
276
408
739
807
247
669
317
754
469
300
587
181
213
953
784
913
692
824
354
273
62
697
561
427
253
520
240
768
418
251
846
207
547
681
599
916
640
468
447
614
21
509
148
25
57
61
780
713
661
204
483
426
486
557
659
743
315
167
341
258
979
240
712
744
255
243
169
590
351
962
534
195
9
129
469
398
692
725
461
38
406
204
455
126
208
347
92
9
648
333
521
260
325
875
473
221
235
506
598
82
272
544
992
861
31
554
280
24
804
840
10
977
630
925
733
334
23
464
430
874
336
985
522
734
276
532
588
540
974
355
636
807
700
724
298
174
727
4
771
775
277
112
70
196
39
637
726
315
224
214
344
73
509
702
438
408
835
646
914
428
951
815
897
706
393
226
891
585
713
697
836
717
657
247
119
292
534
936
514
553
520
364
105
925
349
995
879
559
987
112
912
483
584
243
566
863
736
384
721
975
977
545
372
800
499
264
343
884
171
504
104
948
688
585
381
979
505
272
239
430
421
243
227
857
305
608
498
91
806
205
159
314
996
214
776
419
93
955
673
438
530
233
157
142
518
950
671
398
430
992
307
261
853
409
166
818
517
670
495
475
65
925
691
777
393
911
25
878
65
523
14
947
530
970
969
2
26
979
829
377
135
410
419
991
225
230
473
751
329
871
385
157
629
878
246
86
912
694
865
610
611
194
491
666
12
71
53
58
385
825
0
173
121
518
545
590
594
268
352
351
886
791
60
17
29
741
986
108
866
283
745
465
949
70
546
810
801
583
671
541
786
137
539
148
894
192
816
17
661
453
851
713
506
450
115
113
657
846
207
318
424
198
136
734
780
390
312
865
61
354
116
472
854
982
186
203
861
959
734
846
441
443
83
606
694
653
809
453
5
413
158
200
162
137
786
230
22
930
611
543
979
145
485
45
377
191
572
695
169
967
92
641
242
58
954
925
465
575
469
716
548
224
606
485
941
730
573
520
822
468
748
942
513
454
96
376
209
523
971
991
28
881
426
871
710
963
724
94
166
778
556
762
366
647
697
956
871
286
83
229
36
142
161
807
376
870
542
749
873
444
215
740
709
677
890
760
944
771
423
989
724
507
766
651
455
55
981
716
847
539
111
470
441
605
845
328
194
944
693
101
757
387
123
144
885
370
717
11
649
727
708
881
812
528
121
335
616
864
262
228
756
450
678
250
295
212
582
767
947
893
833
650
936
942
838
532
203
538
668
118
521
869
141
115
109
202
931
494
519
171
557
238
740
218
376
603
349
954
483
910
863
729
248
815
83
888
38
297
311
395
523
604
128
469
314
564
42
618
57
302
641
70
449
27
140
264
468
870
342
758
573
682
870
444
381
597
326
30
565
757
51
257
573
604
163
524
811
55
906
268
982
889
802
881
36
770
83
407
191
270
46
583
40
834
842
74
218
888
412
488
722
721
997
802
801
807
494
457
114
708
636
993
178
991
208
780
446
255
691
437
297
127
784
948
357
997
904
5
890
624
955
265
973
307
228
382
141
724
891
286
252
171
992
11
484
615
181
668
24
548
689
877
69
723
3
719
582
422
775
675
508
684
552
0
912
180
51
728
163
98
433
871
320
273
771
616
507
44
373
521
428
375
441
647
221
674
934
424
427
181
162
14
868
123
241
384
855
85
