638
676
336
695
134
825
93
422
682
143
668
944
984
575
847
151
304
443
901
924
183
534
65
625
279
448
391
319
588
28
10
860
951
749
702
379
777
143
254
840
492
789
545
764
374
399
930
214
335
649
30
228
390
260
824
91
988
972
91
137
807
394
517
812
343
501
133
237
999
612
146
917
377
841
958
1
47
86
788
23
243
544
784
967
936
906
341
220
898
150
61
773
745
806
897
294
447
126
30
621
847
771
848
412
921
499
278
676
29
597
378
595
264
722
477
450
84
155
308
755
297
96
844
270
656
262
542
610
469
217
628
422
801
344
363
249
303
848
674
941
289
62
629
733
215
851
583
616
331
720
55
762
425
562
959
830
812
283
791
502
457
943
682
188
272
364
945
507
632
598
889
375
320
915
229
682
957
791
768
748
979
796
711
906
514
468
260
469
74
905
684
24
661
898
123
729
526
832
252
325
723
922
693
245
316
375
841
662
697
474
753
818
864
686
578
795
379
957
792
810
107
842
895
644
487
589
3
250
996
43
494
233
494
310
307
639
141
375
724
240
239
526
670
902
116
167
117
848
871
954
918
219
202
481
534
723
64
17
431
891
533
681
97
708
246
82
194
536
602
747
898
665
809
106
345
736
859
773
134
838
445
995
911
750
16
451
491
902
487
548
336
769
192
403
565
243
500
512
819
920
950
842
197
515
100
602
833
670
526
400
426
571
665
948
731
461
281
985
481
118
598
325
66
284
342
418
259
512
178
866
80
213
301
645
756
717
519
377
657
663
272
663
74
581
51
376
72
895
348
652
25
504
430
311
1
707
809
537
472
981
695
365
987
264
951
579
801
419
828
374
857
69
3
210
979
25
906
661
642
140
638
966
513
98
423
187
660
888
268
840
25
566
804
260
294
767
135
248
959
29
710
499
205
257
303
292
791
839
383
539
987
629
128
948
845
84
251
319
577
336
528
586
103
595
666
163
904
477
550
572
291
223
688
95
562
422
237
792
797
296
306
105
190
889
443
724
623
161
764
118
436
691
444
264
768
43
545
604
50
700
630
262
751
230
259
713
167
35
955
370
675
484
31
237
815
178
824
734
898
783
375
316
528
19
796
278
785
673
538
282
348
57
824
72
297
647
237
200
661
756
799
888
175
139
762
465
621
19
172
400
648
397
114
97
953
349
98
599
114
247
495
566
785
468
181
838
640
391
286
90
776
292
469
818
393
930
932
992
605
487
109
796
132
621
668
340
320
710
674
994
904
762
21
866
638
365
793
768
409
296
622
872
20
506
171
524
324
606
696
299
130
508
587
652
832
56
814
337
424
701
504
155
655
153
392
542
608
677
199
868
403
702
557
872
116
329
310
322
446
843
787
100
992
372
96
880
616
37
946
166
987
375
155
941
449
721
949
886
914
450
540
954
15
75
538
546
965
473
750
333
776
643
687
720
519
184
248
963
399
611
629
281
507
551
561
368
664
50
321
695
148
894
56
541
94
974
17
691
434
394
975
475
127
866
218
988
227
208
597
713
776
245
846
666
841
175
181
545
25
637
368
728
607
426
472
740
311
147
80
213
442
798
311
673
255
532
91
122
61
722
454
429
348
318
843
392
411
867
216
68
423
204
95
973
745
731
262
940
944
416
939
497
98
412
247
867
992
970
214
66
930
279
693
555
433
314
380
590
803
510
493
688
124
28
376
745
857
715
46
765
463
450
718
977
11
416
411
130
349
143
877
91
432
960
22
909
596
722
433
833
558
512
126
652
427
847
216
418
846
650
11
686
43
2
809
726
504
493
934
520
259
526
199
778
177
269
268
110
17
130
126
736
610
425
766
474
656
975
991
43
518
401
369
611
18
713
310
282
120
761
706
66
89
358
277
35
913
553
531
34
605
640
852
171
262
770
171
247
988
720
669
160
448
86
746
536
805
648
748
175
176
52
831
847
243
263
440
134
377
671
225
14
631
980
498
473
302
188
95
938
941
40
545
639
739
11
242
206
352
420
311
20
237
333
485
30
360
227
791
156
58
75
604
862
100
124
177
954
588
185
191
509
376
889
768
138
29
218
438
14
680
10
786
757
95
115
128
576
109
167
583
358
509
232
786
546
453
808
526
153
851
966
361
518
974
148
581
447
979
237
693
407
389
872
696
946
502
729
267
224
902
833
994
53
671
733
566
607
61
873
908
459
364
745
839
606
497
88
628
51
937
101
548
111
803
451
918
959
453
305
790
831
8
791
585
682
327
691
248
304
673
338
309
204
539
798
916
231
493
778
178
465
276
708
501
645
577
739
336
448
6
560
994
382
318
857
915
481
483
243
543
880
721
376
521
543
831
404
133
660
391
579
942
737
32
909
302
603
275
522
809
75
21
863
563
201
917
509
546
331
747
721
848
72
970
684
244
664
992
908
103
237
963
773
166
139
521
740
485
710
716
803
523
380
722
923
534
963
156
130
61
839
383
641
328
903
431
135
110
129
142
947
273
203
436
764
646
465
511
618
956
754
99
241
710
178
935
172
198
218
126
410
666
714
910
269
0
522
442
740
823
11
331
267
322
92
878
644
28
194
374
79
675
807
34
562
692
829
588
907
56
337
393
191
937
697
317
317
989
580
989
889
100
528
716
407
776
228
116
811
405
361
435
418
337
483
452
852
732
26
714
904
999
795
11
523
206
9
302
170
385
331
119
588
136
583
854
338
335
467
181
126
767
560
491
393
221
168
273
769
522
473
442
421
378
510
260
71
857
241
986
707
844
925
629
160
720
873
187
399
41
103
789
777
56
950
83
479
524
816
727
718
607
516
183
145
169
653
542
110
282
356
839
904
942
88
15
541
596
559
189
881
369
293
754
351
425
502
849
357
265
773
219
76
823
185
496
891
921
523
360
312
761
280
402
220
840
951
556
444
997
374
635
572
277
587
542
523
135
703
792
955
632
707
669
359
473
358
561
542
699
416
421
784
499
757
358
321
284
593
941
28
948
707
871
592
245
986
741
506
269
319
521
424
309
673
842
109
36
162
611
594
301
822
363
609
181
805
51
384
326
866
991
240
743
864
194
356
395
852
557
540
709
639
91
360
598
610
470
454
382
378
414
658
288
238
963
662
111
361
779
866
961
831
771
202
862
186
181
230
204
336
241
414
802
135
554
102
882
906
599
169
999
800
952
869
170
381
412
629
23
832
823
675
97
645
773
797
544
181
597
350
350
39
169
910
127
879
210
371
247
401
297
680
354
301
198
931
934
358
505
31
301
114
109
440
657
347
405
733
403
612
525
584
393
233
127
164
169
883
936
699
914
547
933
369
164
78
94
810
525
952
265
280
481
127
662
846
442
844
165
729
675
293
666
79
964
121
515
957
643
577
864
530
567
678
20
620
662
114
9
969
3
476
586
628
862
188
844
769
81
508
775
366
877
423
763
801
806
384
419
60
766
463
21
433
450
456
13
995
818
707
28
638
256
101
658
186
745
631
917
500
21
678
557
811
821
365
826
71
213
197
170
763
244
94
731
834
582
767
353
110
209
520
933
21
761
395
377
104
190
252
40
218
81
67
436
634
810
171
911
694
931
965
691
935
202
352
253
640
960
180
302
623
63
616
788
515
785
393
684
314
822
324
156
659
381
199
998
856
228
910
364
344
106
685
331
54
831
560
38
451
717
151
892
41
363
555
931
99
863
782
184
966
211
658
77
993
561
17
172
788
909
767
471
18
567
538
570
112
116
884
46
65
663
781
216
57
512
558
592
789
467
9
312
280
917
248
937
55
748
933
633
298
18
323
371
951
538
340
517
494
155
574
472
832
359
647
543
299
971
460
477
973
371
665
723
546
287
849
911
448
132
915
714
993
400
733
637
335
974
905
553
674
593
273
459
351
198
528
30
566
925
345
328
949
264
877
94
661
662
259
969
716
617
474
538
203
309
713
328
399
294
682
556
819
707
506
404
301
972
651
662
661
394
188
822
548
998
10
712
146
932
750
789
22
180
408
720
474
571
406
609
722
257
514
223
962
857
653
183
807
694
705
566
582
101
875
27
235
129
974
785
42
441
628
336
2
136
286
290
186
461
72
272
58
777
292
368
91
191
220
952
315
982
925
678
860
413
972
142
949
632
368
700
33
544
733
930
752
588
957
494
563
130
904
341
904
296
161
109
394
664
176
157
820
169
944
470
846
839
324
738
638
920
53
81
915
577
115
213
608
935
345
155
206
450
291
107
903
648
169
556
611
637
757
382
708
793
577
232
839
185
307
442
63
640
94
932
808
191
342
557
54
167
207
665
255
15
37
769
500
77
347
519
779
325
265
735
294
32
349
632
145
833
759
406
53
63
391
947
699
429
136
122
173
724
160
347
675
22
399
992
84
10
515
670
782
39
476
635
4
443
803
153
681
967
256
787
685
335
831
685
555
137
402
863
846
226
976
480
60
602
327
559
114
114
755
293
273
777
676
84
475
211
602
44
821
463
407
356
335
601
932
485
533
531
155
518
501
511
118
106
242
491
11
214
233
511
648
626
188
37
736
463
787
456
599
453
915
21
416
109
717
246
376
226
574
847
651
752
734
259
616
615
573
418
848
110
502
379
857
369
655
893
165
454
529
129
646
324
784
877
231
786
690
68
417
96
794
817
919
495
598
75
209
587
363
330
916
416
204
103
366
622
629
525
391
225
418
888
682
683
957
510
602
707
235
117
620
287
566
782
604
226
820
352
726
684
626
120
823
290
316
29
771
618
554
118
716
179
790
242
813
244
943
152
891
158
372
120
953
103
33
906
167
54
2
78
722
674
569
326
662
300
418
583
749
436
837
90
785
816
727
789
941
657
348
765
587
280
730
228
105
260
89
847
814
671
151
221
74
290
32
193
514
555
181
462
939
413
425
692
314
117
996
223
194
872
717
157
466
941
562
372
697
293
72
810
339
256
838
682
960
177
761
712
585
12
20
855
430
159
823
246
464
7
873
153
946
75
649
624
870
785
523
471
525
816
557
333
820
665
362
381
885
918
245
580
2
402
734
925
662
634
690
463
95
371
320
505
937
592
590
369
633
813
495
789
908
519
608
718
296
597
902
511
181
627
929
283
459
445
7
837
603
176
525
528
491
345
379
458
765
916
433
392
480
221
61
338
293
560
386
319
265
540
855
686
738
194
870
573
790
437
586
133
905
529
898
55
409
315
260
132
487
82
85
351
809
103
879
343
487
93
888
890
372
905
589
460
858
481
985
733
572
557
842
343
40
305
21
178
588
295
543
107
676
475
593
350
204
965
789
588
576
928
214
646
281
293
627
980
504
818
591
434
228
247
715
668
602
312
242
266
89
979
188
929
557
488
564
433
130
969
543
277
641
107
217
202
339
631
680
267
846
858
566
85
251
447
873
147
668
318
43
840
638
455
494
859
575
115
165
716
440
557
55
970
837
329
243
658
818
62
373
22
946
798
229
121
798
553
987
14
25
667
326
482
355
677
700
235
131
567
859
361
616
595
829
146
514
74
524
578
103
190
92
585
755
354
671
984
628
365
700
987
74
474
523
597
686
286
185
237
225
458
171
140
465
453
627
773
889
748
46
441
48
112
33
959
977
793
707
508
703
516
512
12
640
912
9
930
719
677
86
873
778
804
170
755
918
275
319
130
370
192
692
124
839
400
151
555
831
914
274
579
726
268
450
732
563
599
726
733
240
839
9
550
724
766
293
878
792
257
432
129
380
594
905
618
411
881
534
733
625
334
958
847
948
533
2
152
197
350
78
150
224
45
513
887
512
949
645
565
999
493
946
846
121
152
400
738
461
545
490
624
507
778
471
32
33
221
712
223
781
372
224
346
636
948
606
118
723
391
749
41
952
540
467
703
972
365
390
465
260
546
401
361
85
674
26
380
701
520
456
837
932
553
196
3
640
984
972
340
191
341
155
329
410
351
574
580
698
859
193
865
787
675
736
435
350
767
631
582
25
754
355
483
810
973
60
411
680
972
213
204
271
510
125
314
5
568
887
972
345
712
95
199
536
588
131
692
566
84
769
948
383
220
903
764
14
241
715
198
889
373
421
522
545
349
304
944
956
96
797
964
728
995
440
829
153
761
598
560
501
389
217
576
322
541
651
646
62
686
791
551
50
679
652
735
805
568
718
177
538
335
458
505
337
631
477
138
481
498
982
853
177
30
953
86
142
451
843
323
484
195
199
963
705
921
798
489
80
108
717
606
982
83
316
612
298
653
45
469
360
389
896
808
956
99
4
22
100
414
395
774
7
220
247
408
613
90
770
21
485
987
713
152
317
291
942
214
11
200
75
923
334
312
3
766
105
508
41
426
7
407
909
955
81
668
230
691
183
224
41
374
798
187
637
812
446
409
33
338
75
383
876
459
620
300
401
70
361
28
522
870
951
316
747
437
845
267
123
806
492
260
849
624
225
393
75
282
413
423
663
925
534
598
675
970
376
182
539
341
609
417
610
649
593
141
811
52
153
478
873
430
925
113
408
928
63
771
791
929
908
458
147
130
457
920
590
592
17
768
943
536
77
802
892
236
236
435
833
196
92
128
734
704
862
653
585
554
918
874
555
984
343
874
254
23
785
253
265
462
26
12
402
422
155
28
607
467
861
861
566
523
817
61
834
825
517
809
33
777
661
13
451
949
333
662
686
602
348
341
837
286
23
936
11
317
387
716
489
764
360
726
7
900
95
268
453
945
937
948
307
66
127
697
547
337
974
194
321
827
480
356
599
872
411
325
66
384
116
406
105
565
650
456
726
424
344
275
53
828
406
168
587
325
729
632
499
578
746
472
184
646
53
122
827
266
517
347
979
609
980
84
886
569
644
968
345
680
472
759
672
829
429
112
63
592
276
750
189
511
459
344
574
362
924
194
941
521
464
51
152
978
944
343
295
713
744
793
199
584
35
657
962
194
217
213
942
491
431
784
746
889
714
211
844
189
853
344
743
434
642
487
329
690
684
730
625
394
934
721
269
706
736
561
644
229
611
821
35
654
664
756
874
275
587
462
355
941
985
491
85
243
541
340
36
651
223
705
584
797
853
409
343
941
729
446
772
407
492
7
751
699
41
383
444
421
343
939
145
914
937
740
77
612
227
797
180
99
114
461
612
475
771
309
522
500
796
193
290
940
140
612
61
479
613
896
500
445
594
816
721
898
916
907
915
531
922
750
440
351
51
885
168
157
987
857
886
472
259
8
804
70
312
608
757
466
119
664
715
931
507
856
957
524
692
617
937
801
494
810
660
786
734
107
224
883
449
70
705
465
385
26
983
377
278
935
235
141
80
680
443
634
235
109
804
760
375
701
20
151
653
830
362
549
950
42
482
130
419
801
210
682
480
824
532
286
816
299
200
592
681
372
801
330
72
191
659
967
334
371
414
86
932
509
371
600
432
813
408
337
900
999
982
126
773
452
465
464
152
152
453
542
611
233
321
337
260
262
860
283
60
129
356
34
596
545
839
152
58
384
834
967
982
959
364
557
365
817
664
782
223
539
120
27
975
159
729
588
875
148
331
847
225
102
761
642
339
900
181
580
767
926
548
305
464
654
622
922
943
16
288
528
404
696
2
133
356
248
382
286
764
382
643
227
610
695
14
27
890
855
626
875
811
292
264
243
296
617
98
519
989
231
420
844
306
377
161
207
806
492
548
827
720
886
116
519
887
746
382
469
549
980
361
105
544
77
418
109
329
489
201
806
627
661
369
907
909
538
157
626
515
747
332
234
779
809
127
885
171
371
825
764
938
491
715
381
209
893
747
350
441
800
161
514
617
269
486
644
627
485
135
628
419
657
627
758
652
203
675
366
849
443
728
272
457
822
468
519
71
101
635
5
913
444
500
681
970
60
163
109
557
364
298
652
617
940
982
442
344
225
25
581
778
80
745
996
826
373
873
830
45
539
778
653
522
278
263
806
231
325
231
560
195
451
976
724
558
884
167
107
255
656
834
629
263
771
537
526
84
690
199
472
63
504
469
484
331
213
209
7
724
972
941
970
572
829
379
573
852
53
456
783
720
754
499
842
357
707
320
428
365
670
690
275
171
724
23
917
412
572
707
952
417
990
411
430
842
191
565
953
968
253
885
91
306
838
469
407
159
43
953
584
380
18
103
829
68
112
54
40
542
79
895
561
370
58
518
986
444
380
211
576
681
250
862
411
854
923
498
287
839
800
890
625
653
722
544
874
942
399
148
909
53
151
52
867
711
47
331
256
306
32
393
204
501
382
563
755
357
647
989
117
523
596
247
103
41
495
170
695
961
407
392
934
673
949
363
223
506
157
573
441
470
578
998
791
416
416
849
32
26
739
356
188
693
620
108
726
386
367
27
207
153
21
511
231
610
246
902
376
124
55
947
739
911
413
385
366
272
288
510
488
425
865
115
232
859
116
200
621
113
827
169
274
690
522
520
509
846
708
241
828
827
683
300
114
346
395
144
275
463
448
345
148
593
155
293
42
696
650
294
760
954
326
434
436
952
692
800
71
515
260
221
950
469
695
625
709
420
545
324
409
453
573
154
250
174
558
625
380
832
619
763
633
936
28
254
63
429
286
516
8
976
143
770
598
666
413
877
743
240
463
736
954
943
386
82
744
304
355
912
708
910
399
802
669
585
647
1
542
508
324
157
15
305
191
219
615
767
962
541
775
484
303
42
727
910
773
840
47
321
828
106
499
35
992
113
597
501
46
992
5
603
342
11
216
438
17
190
233
268
410
254
562
235
647
951
0
978
150
364
318
629
708
168
930
187
961
473
489
295
113
38
903
512
625
492
575
667
276
408
155
739
611
807
253
247
669
639
317
754
469
300
587
181
231
213
618
953
8
784
418
913
692
363
824
477
361
354
273
62
697
185
561
271
167
533
205
77
558
427
253
520
260
69
240
768
418
612
251
846
207
480
863
729
547
681
599
527
611
947
369
916
640
468
447
540
614
664
21
509
148
25
57
61
780
713
661
53
204
483
426
486
557
659
149
743
315
167
185
341
258
979
240
712
744
255
831
243
169
180
590
351
962
534
195
9
129
469
398
692
725
461
38
406
861
121
756
204
455
275
589
62
587
247
387
126
555
76
208
347
92
842
9
254
648
333
521
260
325
875
854
239
335
473
594
221
235
506
598
82
272
932
36
544
992
861
31
554
145
432
333
280
851
24
804
840
10
977
630
925
733
334
23
464
430
874
267
336
985
522
734
276
532
588
691
540
974
355
636
271
924
807
700
724
298
174
727
807
4
771
58
775
277
99
623
718
604
863
112
70
196
39
695
637
256
726
315
136
224
73
214
344
73
509
702
438
143
937
408
835
646
914
428
951
191
815
201
897
802
837
737
833
732
10
706
393
896
359
226
597
554
891
585
412
713
820
697
836
717
657
247
34
119
600
622
292
534
936
514
235
553
492
520
364
540
796
105
925
965
349
995
952
879
471
899
559
987
112
912
483
584
243
566
863
802
573
384
440
736
384
353
721
975
977
765
882
635
382
545
372
800
499
264
343
884
498
171
504
459
230
104
475
948
688
585
235
381
979
505
272
239
430
421
243
227
857
305
608
498
91
806
205
18
159
555
222
314
996
214
126
966
177
883
776
301
419
456
93
955
953
187
673
438
530
233
157
138
142
327
518
950
671
688
398
430
992
789
307
14
261
167
354
853
409
166
818
517
670
247
495
475
65
284
255
561
807
725
545
925
691
777
393
911
25
804
878
152
65
591
908
523
14
739
665
947
530
970
969
584
2
578
417
26
420
920
830
957
415
979
829
377
135
410
419
991
225
230
473
751
329
871
385
157
629
878
794
246
261
741
86
591
559
912
867
694
865
610
392
611
194
491
666
12
71
288
53
58
385
640
825
0
173
121
518
545
590
594
268
387
352
351
886
791
60
17
29
146
741
986
108
866
283
991
315
914
745
683
465
949
70
546
810
801
583
671
541
602
176
786
137
539
148
894
883
192
598
816
442
17
661
453
851
713
506
450
115
113
657
846
207
766
236
318
424
198
795
136
734
780
390
644
312
865
169
61
354
116
472
854
982
186
203
861
383
857
959
734
474
846
624
759
159
441
930
634
942
464
443
83
606
917
694
653
809
453
5
413
158
200
252
162
137
786
486
230
868
22
930
611
543
979
516
145
485
45
377
191
164
239
500
572
700
505
711
695
169
353
967
92
641
66
242
554
58
954
925
59
465
535
575
852
469
716
270
548
925
698
410
499
224
606
485
319
941
730
573
520
637
822
468
748
942
513
454
96
376
293
209
523
971
991
28
881
426
217
871
710
963
724
182
307
94
166
553
674
778
556
762
366
647
697
751
952
152
956
871
869
286
83
229
36
142
161
807
485
376
870
887
542
749
873
444
215
740
709
677
890
760
944
771
423
989
773
724
507
141
857
766
651
879
455
430
504
55
981
716
847
539
495
111
386
470
441
605
845
532
328
194
944
693
913
101
757
387
123
144
116
885
197
877
370
327
717
11
649
727
708
881
812
528
121
335
616
864
262
228
756
450
678
250
596
295
212
582
767
947
893
833
650
936
942
838
532
203
538
668
118
62
521
869
912
141
115
109
645
202
791
931
494
519
318
171
557
238
740
218
376
603
349
954
483
890
88
911
121
910
822
381
863
729
278
248
249
150
268
815
83
888
38
297
311
395
545
523
604
128
469
701
232
314
564
42
618
57
302
641
70
449
27
140
264
487
468
870
192
342
758
573
682
870
444
381
597
326
30
565
757
51
257
401
573
604
163
947
763
737
524
491
588
728
811
984
55
906
688
347
921
268
982
889
802
881
36
770
83
331
407
191
986
270
788
46
612
614
544
575
583
904
403
40
834
979
842
74
218
538
888
412
488
722
721
997
843
673
802
801
807
219
752
494
457
114
708
725
636
993
178
991
208
780
446
255
488
691
437
297
340
50
854
127
784
196
196
948
524
357
997
267
416
969
904
5
890
624
955
265
973
307
169
228
382
141
724
682
9
125
891
286
622
666
252
492
171
992
11
338
484
615
181
668
24
548
689
877
69
723
3
719
582
756
422
775
675
508
684
552
0
912
180
51
502
956
728
163
98
433
871
320
273
771
616
507
559
44
604
373
521
428
375
441
647
221
674
934
424
427
181
162
14
534
868
123
241
495
384
855
904
967
969
847
85
639
